6.654281169176101685e-04
4.477163031697273254e-02
-7.819113321602344513e-03
-2.000533491373062134e-01
-5.385023728013038635e-02
-5.854816362261772156e-02
-5.475118011236190796e-02
-2.406978420913219452e-02
1.106073334813117981e-02
2.184181287884712219e-02
-6.924471259117126465e-02
6.480567157268524170e-03
-7.196198403835296631e-02
-7.916739583015441895e-02
-2.250927034765481949e-03
8.230686932802200317e-02
-2.926516160368919373e-02
-2.204715833067893982e-02
2.422791719436645508e-02
7.876233756542205811e-02
2.279293723404407501e-02
-1.866229623556137085e-02
1.235575154423713684e-01
-1.919275149703025818e-03
-2.245446480810642242e-02
5.645300447940826416e-02
-3.853164240717887878e-02
-6.642173230648040771e-02
-5.221119150519371033e-02
-1.782979965209960938e-01
-3.643231838941574097e-02
1.427081823348999023e-01
-1.756647825241088867e-01
8.467476069927215576e-02
-4.909205436706542969e-02
8.667813241481781006e-02
8.897007443010807037e-03
5.136632174253463745e-02
-1.139901801943778992e-01
-1.176829412579536438e-01
-3.574656695127487183e-02
5.035351961851119995e-03
1.513010710477828979e-01
-2.181187719106674194e-01
1.337901949882507324e-01
9.353917092084884644e-02
1.726130843162536621e-01
2.531530335545539856e-02
-5.195270478725433350e-02
-4.223340004682540894e-02
6.251934915781021118e-02
3.006866946816444397e-02
-1.299795042723417282e-02
9.012790024280548096e-02
-1.580932736396789551e-01
-8.145369589328765869e-02
-2.780174836516380310e-02
-4.148773103952407837e-02
-5.802221596240997314e-02
3.306189924478530884e-02
-5.382518842816352844e-02
9.206065535545349121e-02
3.048929572105407715e-01
1.116811782121658325e-01
2.216606959700584412e-02
7.174099236726760864e-02
1.969494484364986420e-02
1.576956734061241150e-02
-1.201239153742790222e-01
1.640594601631164551e-01
-6.216106005012989044e-03
2.552479691803455353e-02
7.154095917940139771e-02
-7.926309108734130859e-02
-6.277003884315490723e-02
-4.250910133123397827e-02
-1.595010608434677124e-01
2.751808241009712219e-02
9.708248078823089600e-03
-1.885301023721694946e-01
3.353971987962722778e-04
-9.150712937116622925e-02
-4.508102312684059143e-03
9.723948314785957336e-03
-8.237730711698532104e-03
1.325954869389533997e-02
-7.452881336212158203e-02
-9.557521343231201172e-02
8.966158330440521240e-02
6.787396967411041260e-02
-1.282068043947219849e-01
-2.560415305197238922e-02
1.923607848584651947e-02
-2.425426803529262543e-02
1.932161394506692886e-03
-1.710633188486099243e-02
-3.333526849746704102e-02
-7.479946315288543701e-02
-1.549763977527618408e-01
-2.584277279675006866e-02
1.105849370360374451e-01
-1.313658505678176880e-01
-9.376168996095657349e-02
5.564744770526885986e-02
7.522925734519958496e-02
-5.424592643976211548e-03
-1.770337522029876709e-01
1.267966907471418381e-02
-3.457684069871902466e-02
5.468813702464103699e-03
-5.909249559044837952e-02
-3.028852492570877075e-02
-6.627605110406875610e-02
-1.975190639495849609e-01
5.395821854472160339e-02
-5.968521535396575928e-02
-2.519775368273258209e-02
-6.371644884347915649e-02
-8.730075508356094360e-02
-4.332076013088226318e-02
-5.830569192767143250e-03
-8.110573142766952515e-02
-8.795922994613647461e-02
1.936488226056098938e-02
1.177967265248298645e-01
3.130539134144783020e-02
-8.278366178274154663e-02
-1.038165763020515442e-02
-1.002812236547470093e-01
1.385898888111114502e-01
8.463304489850997925e-02
3.184349462389945984e-02
-4.305185377597808838e-02
-2.462411113083362579e-02
1.882513612508773804e-01
-6.759958714246749878e-02
-5.113751813769340515e-02
1.377767920494079590e-01
2.303781546652317047e-02
5.747343972325325012e-02
6.331566255539655685e-03
-2.457467317581176758e-01
-7.728900015354156494e-02
7.193208485841751099e-02
-3.455907851457595825e-02
-1.584344953298568726e-01
-1.268350034952163696e-01
3.312364518642425537e-01
-4.573452100157737732e-02
-2.918834090232849121e-01
-2.281850576400756836e-02
3.880019858479499817e-02
-2.279163151979446411e-02
-7.662963867187500000e-02
-2.021903730928897858e-02
3.589862585067749023e-02
4.963866621255874634e-02
-9.069768711924552917e-03
-3.432725369930267334e-02
4.232669621706008911e-02
7.158812135457992554e-02
-1.877115666866302490e-01
1.426122803241014481e-02
1.050682589411735535e-01
-6.259597837924957275e-02
-4.353573545813560486e-02
-1.432967782020568848e-01
-7.122023403644561768e-02
4.765819758176803589e-02
3.633532673120498657e-03
1.082869619131088257e-02
-7.818118669092655182e-03
-1.189729049801826477e-01
-4.583622515201568604e-02
9.095986373722553253e-03
-1.484606564044952393e-01
-5.023552849888801575e-02
1.054438054561614990e-01
1.307645626366138458e-02
-1.672491803765296936e-02
-5.864259973168373108e-02
4.884839989244937897e-03
4.534187912940979004e-02
1.729180291295051575e-02
8.377066254615783691e-02
1.315404660999774933e-02
-4.090216755867004395e-02
-9.998667985200881958e-02
-1.105637662112712860e-02
-1.268174797296524048e-01
2.736724913120269775e-02
-6.992431730031967163e-02
1.357930526137351990e-02
8.412123471498489380e-02
-1.860226690769195557e-02
7.313201203942298889e-04
-5.708569660782814026e-02
2.207625210285186768e-01
4.241932928562164307e-02
2.962179947644472122e-03
3.043203353881835938e-01
-8.769576996564865112e-02
1.954143047332763672e-01
1.709713190793991089e-01
9.391674399375915527e-02
-1.782735437154769897e-02
1.781783439218997955e-02
3.064135909080505371e-01
-5.419782176613807678e-02
-4.383605718612670898e-02
2.440896257758140564e-02
-5.972589924931526184e-02
-1.052703242748975754e-02
-3.850717097520828247e-02
-4.754847288131713867e-02
4.112274199724197388e-02
3.685090690851211548e-02
3.123954124748706818e-02
4.827310889959335327e-02
1.379405111074447632e-01
1.738203689455986023e-03
-1.776332035660743713e-03
-2.364796027541160583e-02
-1.350328475236892700e-01
-7.571380585432052612e-02
6.498906761407852173e-02
2.262668684124946594e-03
-1.557055301964282990e-02
-1.903002709150314331e-02
-4.708584398031234741e-02
-4.445026069879531860e-02
-1.965982839465141296e-02
1.075797006487846375e-01
-1.958071887493133545e-01
-8.571462333202362061e-02
-1.015987917780876160e-01
6.117140874266624451e-02
1.376372762024402618e-02
-2.948191016912460327e-02
-5.272765085101127625e-02
-3.252854570746421814e-02
-1.086519360542297363e-01
-5.276348441839218140e-02
-1.547157466411590576e-01
-7.408744841814041138e-02
-1.773220896720886230e-01
-4.544028639793395996e-02
4.357262551784515381e-01
-1.182797551155090332e-01
1.453734040260314941e-01
8.933000266551971436e-02
1.162332296371459961e-02
2.140379846096038818e-01
-2.349479310214519501e-02
-9.912140667438507080e-03
-1.140898391604423523e-01
-1.825195178389549255e-02
3.321165964007377625e-02
1.207117959856987000e-01
3.887172788381576538e-02
-9.996393322944641113e-02
5.639923736453056335e-02
-4.962965846061706543e-02
1.212263703346252441e-01
9.346593171358108521e-02
-1.380422562360763550e-01
-7.091927528381347656e-02
3.199019283056259155e-02
-4.130830243229866028e-02
5.791403725743293762e-02
-1.237901076674461365e-01
1.868780143558979034e-02
1.945954188704490662e-02
-2.154097855091094971e-01
3.173949569463729858e-02
-2.227270975708961487e-02
-3.616676852107048035e-02
-9.003259986639022827e-02
-2.177471667528152466e-01
-5.744851380586624146e-02
8.788438886404037476e-02
3.195602446794509888e-03
-4.090036451816558838e-02
6.838431954383850098e-02
8.071549236774444580e-03
8.160587400197982788e-03
-8.453210443258285522e-02
-1.347533017396926880e-01
8.089898526668548584e-02
6.447920203208923340e-02
3.480637818574905396e-02
2.525414898991584778e-02
9.857889264822006226e-03
-9.209731593728065491e-03
1.785792112350463867e-01
1.363660246133804321e-01
-3.866175189614295959e-02
-8.989963680505752563e-03
-2.236458286643028259e-02
2.176482379436492920e-01
6.256863009184598923e-03
-1.144844442605972290e-01
8.508956432342529297e-02
-4.247199743986129761e-02
-2.338822185993194580e-01
6.022917106747627258e-03
-1.528084278106689453e-02
-3.111215680837631226e-02
-2.201844938099384308e-03
8.063986152410507202e-02
-1.108838394284248352e-01
-5.611933767795562744e-02
-5.053185671567916870e-02
9.538568556308746338e-02
1.616763696074485779e-02
5.104979872703552246e-02
-4.081735387444496155e-03
2.966418676078319550e-02
-1.058578416705131531e-01
4.819931089878082275e-02
3.653235733509063721e-02
5.030122026801109314e-02
-5.014796555042266846e-02
-6.043357029557228088e-02
7.682981342077255249e-02
-2.370354160666465759e-02
6.499435752630233765e-02
1.068805903196334839e-02
1.513935346156358719e-02
-9.501387178897857666e-02
-2.708674967288970947e-01
-6.829468160867691040e-02
-2.121601719409227371e-03
-2.950215898454189301e-02
3.495477139949798584e-02
1.938982605934143066e-01
-1.984688043594360352e-01
4.947271198034286499e-02
-1.612959057092666626e-02
6.906418502330780029e-02
-2.126043103635311127e-02
2.227064594626426697e-02
2.837371081113815308e-03
-6.799504160881042480e-02
-2.260411158204078674e-03
8.716927468776702881e-02
7.205703295767307281e-03
6.553455442190170288e-02
6.130289286375045776e-02
-1.596277058124542236e-01
6.386947631835937500e-02
-6.630810350179672241e-02
6.435438990592956543e-03
3.952908515930175781e-02
-4.025141149759292603e-02
-1.476315408945083618e-01
7.490373216569423676e-03
1.932774484157562256e-02
9.432888589799404144e-03
1.753271073102951050e-01
1.620467901229858398e-01
1.429629772901535034e-01
6.627264665439724922e-04
5.396153405308723450e-02
7.966347038745880127e-02
-1.012445539236068726e-01
-3.743973001837730408e-02
-8.576646447181701660e-02
-6.080171465873718262e-02
1.018521413207054138e-01
-2.410580776631832123e-02
2.164417207241058350e-01
-1.115625500679016113e-01
-6.696084141731262207e-02
1.654219478368759155e-01
3.652239963412284851e-02
-1.027221009135246277e-01
-4.218200594186782837e-02
1.286083459854125977e-01
-9.381900727748870850e-02
2.158759348094463348e-02
-2.254441613331437111e-03
8.153245598077774048e-02
-5.875352770090103149e-02
-4.365458711981773376e-02
-2.644966170191764832e-02
1.130731180310249329e-01
-1.185584664344787598e-01
6.115500628948211670e-02
-7.861789315938949585e-03
3.018331713974475861e-02
9.908013045787811279e-03
4.811286181211471558e-02
-3.114989213645458221e-02
2.305224910378456116e-02
-8.695776574313640594e-03
3.560001030564308167e-03
1.683143824338912964e-01
-9.469548612833023071e-02
-1.291520334780216217e-02
-7.957646250724792480e-02
-2.682600170373916626e-03
-1.331964135169982910e-02
-1.023548841476440430e-01
-6.694339960813522339e-02
4.631605744361877441e-02
4.950618743896484375e-02
-7.384510338306427002e-02
-4.392484575510025024e-02
5.496123433113098145e-02
-1.937386766076087952e-02
-5.629434809088706970e-02
-2.152991853654384613e-02
1.258454620838165283e-01
-3.128236532211303711e-02
5.477038212120532990e-03
3.519139438867568970e-02
1.841954328119754791e-02
3.241736441850662231e-02
4.911461472511291504e-02
1.076656207442283630e-01
-7.860147953033447266e-02
1.368094533681869507e-01
-1.181565690785646439e-02
1.168724596500396729e-01
2.670938894152641296e-02
-5.419976636767387390e-02
-8.625365793704986572e-02
-4.991568997502326965e-02
-1.352618336677551270e-01
-1.448031701147556305e-02
-6.678792834281921387e-02
-1.093933358788490295e-03
1.495414525270462036e-01
-1.448962558060884476e-02
3.441630676388740540e-02
-7.489502429962158203e-03
-5.219484213739633560e-03
-1.382151991128921509e-02
-1.604004651308059692e-01
-8.560994267463684082e-02
-1.018228568136692047e-02
-4.973577801138162613e-03
2.131188474595546722e-02
-1.339566428214311600e-02
1.455189585685729980e-01
7.897059619426727295e-02
-1.556959655135869980e-02
3.778822347521781921e-02
2.085583657026290894e-02
2.163248136639595032e-03
-6.550017744302749634e-02
-2.327126078307628632e-02
-1.353138983249664307e-01
1.033237129449844360e-01
-8.677487820386886597e-02
-5.266611929982900620e-03
-4.391272552311420441e-03
-7.831221073865890503e-02
-2.569179236888885498e-02
1.213537342846393585e-02
-4.167980700731277466e-02
3.309298306703567505e-02
1.911239698529243469e-02
-1.150080412626266479e-01
1.079726032912731171e-02
-5.529573187232017517e-02
-9.365675039589405060e-03
2.042469196021556854e-02
9.907729178667068481e-02
-5.503191053867340088e-02
-8.933170884847640991e-02
6.200930848717689514e-02
-1.290742307901382446e-02
6.795037537813186646e-02
1.450793743133544922e-01
1.892409287393093109e-02
1.446540355682373047e-01
3.400498628616333008e-02
1.515651773661375046e-02
-1.754314005374908447e-01
1.897686570882797241e-01
-1.973746344447135925e-03
5.438803136348724365e-02
1.023033484816551208e-01
-9.536924958229064941e-02
-4.903408139944076538e-02
1.856394112110137939e-02
4.710092023015022278e-02
-1.471727639436721802e-01
-7.397908717393875122e-02
-2.553012594580650330e-02
2.224926948547363281e-01
-5.429093912243843079e-02
1.123535186052322388e-01
-8.764169365167617798e-02
9.214267134666442871e-02
-1.835247129201889038e-01
-2.706774696707725525e-02
3.608554601669311523e-03
1.124056726694107056e-01
-6.987594813108444214e-02
1.941611021757125854e-01
-6.431592255830764771e-02
-5.606444925069808960e-02
-2.481375932693481445e-01
-1.590159535408020020e-02
-2.468481659889221191e-02
8.933515101671218872e-02
-3.457048535346984863e-02
-5.206996947526931763e-02
-4.734364897012710571e-02
